image: corridor_zigzag_door.pgm
resolution: 0.100000
origin: [-10.600000, -5.180000, 0.000000]
negate: 0
occupied_thresh: 0.65
free_thresh: 0.196

