image: fourth_floor_gazebo.pgm
resolution: 1.000000
origin: [-468.30000, -343.50000, 0.000000]
negate: 0
occupied_thresh: 0.65
free_thresh: 0.196

