image: training_room.pgm
resolution: 0.100000
origin: [-8.675000, -8.675000, 0.000000]
negate: 0
occupied_thresh: 0.65
free_thresh: 0.196

