image: fourth_floor.pgm
resolution: 0.25000
origin: [-432.20000, -306.98054, 0.000000]
negate: 0
occupied_thresh: 0.65
free_thresh: 0.196

