image: training_room.pgm
resolution: 0.025000
origin: [-4.974659, -5.006246, 0.000000]
negate: 0
occupied_thresh: 0.65
free_thresh: 0.196

